[hb spider]
start_datetime = 2016-09-18 13:46:35.662000
end_datetime = 2016-09-18 13:47:10.181000
start_page = 0
end_page = 0

